8 2.0 1264 660
9 2.0 1328 660
9 2.0 1392 660
9 2.0 1456 660
9 2.0 1520 660
9 2.0 1584 660
9 2.0 1648 660
9 2.0 1712 660
10 2.0 1776 660

14 2.0 1264 0
15 2.0 1328 0
15 2.0 1392 0
15 2.0 1456 0
15 2.0 1520 0
15 2.0 1584 0
15 2.0 1648 0
15 2.0 1712 0
16 2.0 1776 0

8 2.0 1456 200
18 2.0 1456 264
18 2.0 1456 328
18 2.0 1456 392
14 2.0 1456 456

9 2.0 1520 200
12 2.0 1520 264
12 2.0 1520 328
12 2.0 1520 392
15 2.0 1520 456

10 2.0 1584 200
13 2.0 1584 264
13 2.0 1584 328
13 2.0 1584 392
16 2.0 1584 456

11 7.0 1264 0
13 7.0 1328 0
11 7.0 1264 64
13 7.0 1328 64
11 7.0 1264 128
13 7.0 1328 128
11 7.0 1264 192
13 7.0 1328 192
11 7.0 1264 256
13 7.0 1328 256
11 7.0 1264 320
13 7.0 1328 320
11 7.0 1264 384
13 7.0 1328 384
11 7.0 1264 448
13 7.0 1328 448
11 7.0 1264 512
13 7.0 1328 512
11 7.0 1264 576
13 7.0 1328 576
11 7.0 1264 640
13 7.0 1328 640
11 7.0 1264 704
13 7.0 1328 704
11 7.0 1264 768
13 7.0 1328 768
11 7.0 1264 832
13 7.0 1328 832

# 1 10.0 1264 400
# 2 11.0 1264 464
# 3 12.0 1264 528
# 4 13.0 1264 592
# 5 14.0 1264 656
# 6 15.0 1264 720
# 7 16.0 1264 784
# 8 17.0 1264 848
# 19 18.0 1264 912