1 2.0 3392 200
1 2.0 3392 240
1 2.0 3392 280
1 2.0 3392 320
1 2.0 3392 360
1 2.0 3392 400
1 2.0 3392 440
1 2.0 3392 480
1 2.0 3392 520
1 2.0 3392 560
1 2.0 3392 600
1 2.0 3392 640
1 2.0 3392 680


2 4.0 3394 400
2 4.0 3394 440
2 4.0 3394 480
2 4.0 3394 340
2 4.0 3394 360
2 4.0 3394 400
2 4.0 3394 440
2 4.0 3394 480
2 4.0 3394 540
2 4.0 3394 560
2 4.0 3394 600
2 4.0 3394 640
2 4.0 3394 680


3 6.0 3396 0
3 6.0 3396 500
3 6.0 3396 100
3 6.0 3396 400
3 6.0 3396 200
3 6.0 3396 300
3 6.0 3396 600
3 6.0 3396 700

4 8.0 4498 0

6 10.0 3691 0
6 10.0 3691 600
6 10.0 3691 100
6 10.0 3691 600
6 10.0 3691 200
6 10.0 3691 600
6 10.0 3691 1000
6 10.0 3691 700

19 14.0 3692 200